2015123100
2016013100
2016022900
2016033100
2016043000
2016053100
2016063000
2016073100
2016083100
2016093000
2016103100
2016113000
2016123100
2017013100
2017022800
2017033100
2017043000
2017053100
2017063000
2017073100
2017083100
2017093000
2017103100
2017113000
2017123100
2018013100
2018022800
2018033100
2018043000
2018053100
2018063000
2018073100
2018083100
2018093000
2018103100
2018113000
2018123100
2019013100
2019022800
2019033100
2019043000
2019053100
2019063000
2019073100
2019083100
2019093000
2019103100
2019113000
2019123100
2020013100
2020022900
2020033100
2020043000
2020053100
2020063000
2020073100
2020083100
2020093000
2020103100
2020113000
2020123100
2021013100
2021022800
2021033100
2021043000
2021053100
2021063000
2021073100
2021083100
2021093000
2021103100
2021113000
2021123100
2022013100
2022022800
2022033100
2022043000
2022053100
2022063000
2022073100
2022083100
2022093000
2022103100
2022113000
2022123100
