2015120100
2016010100
2016020100
2016030100
2016040100
2016050100
2016060100
2016070100
2016080100
2016090100
2016100100
2016110100
2016120100
2017010100
2017020100
2017030100
2017040100
2017050100
2017060100
2017070100
2017080100
2017090100
2017100100
2017110100
2017120100
2018010100
2018020100
2018030100
2018040100
2018050100
2018060100
2018070100
2018080100
2018090100
2018100100
2018110100
2018120100
2019010100
2019020100
2019030100
2019040100
2019050100
2019060100
2019070100
2019080100
2019090100
2019100100
2019110100
2019120100
2020010100
2020020100
2020030100
2020040100
2020050100
2020060100
2020070100
2020080100
2020090100
2020100100
2020110100
2020120100
2021010100
2021020100
2021030100
2021040100
2021050100
2021060100
2021070100
2021080100
2021090100
2021100100
2021110100
2021120100
2022010100
2022020100
2022030100
2022040100
2022050100
2022060100
2022070100
2022080100
2022090100
2022100100
2022110100
2022120100
